# xyscan Version 4.3.0
# Date: Mon May 14 14:15:43 2018
# Scanned by: cozzyd
# Source: Clipboard
# Comment: 
# Format: x y -dx +dx -dy +dy
0.347826	402.261	0	0	0	0	
1.04348	302.01	0	0	0	0	
1.21739	363.568	0	0	0	0	
1.91304	335.427	0	0	0	0	
2.43478	418.09	0	0	0	0	
2.6087	404.02	0	0	0	0	
2.95652	433.92	0	0	0	0	
3.65217	439.196	0	0	0	0	
4	419.849	0	0	0	0	
4.17391	400.503	0	0	0	0	
5.3913	446.231	0	0	0	0	
5.73913	509.548	0	0	0	0	
6.3 456.784	0	0	0	0	
6.43478	465.578	0	0	0	0	
7.30435	491.96	0	0	0	0	
7.47826	481.407	0	0	0	0	
8	520.101	0	0	0	0	
8.34783	530.653	0	0	0	0	
8.69565	504.271	0	0	0	0	
9.21739	511.307	0	0	0	0	
9.56522	504.271	0	0	0	0	
10.7826	509.548	0	0	0	0	
11.1304	534.171	0	0	0	0	
12.6957	555.276	0	0	0	0	
13.2174	542.965	0	0	0	0	
14.2609	551.759	0	0	0	0	
14.7826	560.553	0	0	0	0	
15.1304	553.518	0	0	0	0	
16.5217	572.864	0	0	0	0	
16.6957	560.553	0	0	0	0	
18.7826	567.588	0	0	0	0	
20	574.623	0	0	0	0	
20.8696	595.729	0	0	0	0	
21.5652	590.452	0	0	0	0	
22.7826	601.005	0	0	0	0	
25.0435	611.558	0	0	0	0	
28.1739	641.457	0	0	0	0	
29.2174	632.663	0	0	0	0	
30.2609	636.181	0	0	0	0	
30.7826	639.698	0	0	0	0	
31.4783	652.01	0	0	0	0	
33.0435	657.286	0	0	0	0	
34.4348	655.528	0	0	0	0	
37.3913	662.563	0	0	0	0	
37.5652	671.357	0	0	0	0	
38.4348	666.08	0	0	0	0	
39.6522	678.392	0	0	0	0	
40.3478	690.704	0	0	0	0	
41.913	692.462	0	0	0	0	
42.087	688.945	0	0	0	0	
42.6087	681.91	0	0	0	0	
43.8261	703.015	0	0	0	0	
44.8696	685.427	0	0	0	0	
46.6087	704.774	0	0	0	0	
48.3478	715.327	0	0	0	0	
49.3913	724.121	0	0	0	0	
50.7826	722.362	0	0	0	0	
52.8696	725.879	0	0	0	0	
55.1304	757.538	0	0	0	0	
55.6522	739.95	0	0	0	0	
56.1739	754.02	0	0	0	0	
57.3913	741.709	0	0	0	0	
58.6087	748.744	0	0	0	0	
59.4783	752.261	0	0	0	0	
60.5217	748.744	0	0	0	0	
63.6522	768.09	0	0	0	0	
64.5217	783.92	0	0	0	0	
66.6087	776.884	0	0	0	0	
66.9565	789.196	0	0	0	0	
69.0435	785.678	0	0	0	0	
69.7391	776.884	0	0	0	0	
70.9565	785.678	0	0	0	0	
71.4783	792.714	0	0	0	0	
71.8261	803.266	0	0	0	0	
73.5652	799.749	0	0	0	0	
75.3043	824.372	0	0	0	0	
75.6522	810.302	0	0	0	0	
77.2174	820.854	0	0	0	0	
78.4348	822.613	0	0	0	0	
79.1304	817.337	0	0	0	0	
80.5217	819.095	0	0	0	0	
81.5652	840.201	0	0	0	0	
83.3043	843.719	0	0	0	0	
89.2174	848.995	0	0	0	0	
93.3913	863.065	0	0	0	0	
94.6087	859.548	0	0	0	0	
99.6522	859.548	0	0	0	0	
100.522	877.136	0	0	0	0	
103.478	875.377	0	0	0	0	
106.435	878.894	0	0	0	0	
107.304	873.618	0	0	0	0	
108.522	884.171	0	0	0	0	
# EoF94.24 884
94.5 884
94.75 884
95.06 884
95.44 884
95.71 884
96 884
96.24 885
96.53 885
96.82 885
97.04 886
97.29 886
97.54 886
97.84 886
98.01 887
98.34 887
98.6 887
98.9 887
99.2 888
99.4 888
99.69 888
99.99 888
100.23 889
100.45 889
100.74 889
101.02 889
101.23 889
101.51 889
101.78 889
102 890
102.28 890
102.49 890
102.65 890
102.97 890
103.22 890
103.45 890
103.72 890
104 890
104.22 891
104.47 891
104.8 891
105 891
105.24 891
105.41 891
105.6 891
106 892
106.23 892
106.45 892
106.73 892
107.01 892
107.21 892
107.48 892
107.74 892
108 893
108.32 893
108.58 893
108.84 893
109.13 894
109.36 894
109.53 894
109.81 894
110.03 895
110.41 895
110.5 895
110.74 895
111.23 895
111.56 895
111.85 896
112.08 896
112.31 896
112.55 896
112.78 896
113.02 896
113.22 897
113.5 897
113.71 897
113.93 897
114.22 897
114.5 897
114.73 898
114.98 898
115.32 898
115.39 898
115.66 898
115.95 898
116.22 899
116.43 899
116.62 899
117.23 899
117.31 899
117.45 900
117.73 900
118.02 900
118.27 900
118.59 900
118.79 900
118.99 901
119.49 901
119.77 901
120.01 901
120.17 902
120.52 902
120.77 902
121.26 902
121.48 902
121.77 902
121.87 902
122 903
122.17 903
122.5 903
122.78 903
123.04 903
123.27 903
123.42 903
123.72 903
123.96 903
124.18 904
124.43 904
124.75 904
125.07 904
125.27 904
125.52 904
125.75 904
125.94 904
126.15 905
126.26 905
126.52 905
126.72 905
126.98 905
127.11 905
127.38 905
127.6 905
127.94 905
128.05 906
128.29 906
128.51 906
128.69 906
128.96 906
129.17 906
129.45 906
129.53 906
130.23 907
130.54 907
130.78 907
130.89 907
131.06 907
131.25 907
131.64 907
132.15 907
132.33 907
132.63 907
132.8 907
133.08 907
133.38 907
133.6 907
133.82 908
134.19 908
134.27 908
134.49 908
134.63 908
134.98 908
135.21 908
135.42 908
135.67 908
135.95 908
136.23 908
136.46 908
136.64 908
136.94 908
137.14 909
137.37 909
137.63 909
137.79 909
138.02 909
138.31 909
138.55 909
138.74 909
138.97 909
139.29 909
139.53 909
139.74 909
140.08 910
140.4 910
140.7 910
140.92 910
141.12 910
141.44 910
141.64 910
141.78 910
141.93 910
142.23 910
142.45 910
142.56 910
142.92 910
143.16 910
143.53 910
143.68 910
143.94 910
144.17 910
144.43 910
144.7 910
144.88 910
145.01 910
145.25 910
145.39 910
145.66 910
145.91 910
146.2 911
146.43 911
146.71 911
146.91 911
147.32 911
147.52 911
147.71 911
147.99 911
148.12 911
148.41 911
148.76 911
148.92 911
149.12 911
149.2 911
149.56 911
149.73 911
149.97 911
150.1 912
150.44 912
150.67 912
150.91 912
151.08 912
151.4 912
151.59 912
151.78 912
152.02 912
152.29 912
152.5 912
152.73 912
152.95 912
153.29 912
153.52 912
153.81 912
153.99 912
154.28 912
154.49 912
154.78 912
154.99 912
155.18 912
155.45 912
155.68 912
155.94 912
156.16 913
156.32 913
156.62 913
157.04 913
157.14 913
157.3 913
157.51 913
157.77 913
158 913
158.12 913
158.25 913
158.47 913
158.67 913
158.78 913
159 913
159.3 913
159.52 913
159.72 913
159.98 913
160.16 914
160.46 914
160.74 914
161.03 914
161.3 914
161.54 914
161.72 914
161.96 914
162.24 914
162.5 914
162.76 914
163.04 914
163.29 914
163.55 914
163.78 914
164 914
164.2 914
164.38 914
164.7 914
164.9 914
165.12 914
165.3 914
165.44 914
165.7 914
165.88 914
166.13 914
166.45 914
166.68 914
166.96 914
167.24 914
167.45 914
167.66 914
168.04 914
168.22 914
168.51 914
168.78 914
169.05 914
169.28 914
169.56 914
169.68 914
170 915
170.24 915
170.49 915
170.68 915
170.84 915
171.1 915
171.39 915
171.63 915
171.95 915
172.19 915
172.43 915
172.74 915
172.92 915
173.12 915
173.36 915
173.56 915
173.78 915
174.06 915
174.28 915
174.47 915
174.7 915
175.12 915
175.38 915
175.55 915
175.78 915
175.94 915
176.19 915
176.4 915
176.63 915
176.87 915
177.08 915
177.38 915
177.67 915
177.84 915
178.13 915
178.32 915
178.56 915
178.78 915
178.95 915
179.09 915
179.48 915
179.92 915
180.27 916
180.39 916
180.69 916
180.95 916
181.14 916
181.43 916
181.63 916
181.93 916
182.14 916
182.34 916
182.64 916
182.84 916
183.1 916
183.38 916
183.64 916
183.77 916
183.92 916
184.15 916
184.53 916
184.74 916
185.04 916
185.19 916
185.4 916
185.61 916
185.9 916
185.98 916
186.2 916
186.46 916
186.7 916
186.95 916
187.14 916
187.5 916
187.66 916
187.86 916
188.1 916
188.32 916
188.56 916
188.72 916
189.06 916
189.3 916
189.54 916
189.72 916
189.94 916
190.24 916
190.34 916
190.66 916
190.9 916
191.1 916
191.31 916
191.54 916
191.78 916
191.92 916
192.15 916
192.35 916
192.76 916
192.9 916
193.26 916
193.57 916
193.8 916
194.03 916
194.25 916
194.43 916
194.72 916
194.95 916
195.19 916
195.37 916
195.59 916
195.83 916
196.11 916
196.38 916
196.58 916
196.91 916
197.08 916
197.28 916
197.54 916
197.76 916
197.98 916
198.09 916
198.36 916
198.56 916
198.88 916
199 916
199.22 916
199.44 916
199.62 916
199.9 916# xyscan Version 4.3.0
# Date: Mon May  7 17:55:32 2018
# Scanned by: cozzyd
# Source: Clipboard
# Comment: 
# Format: x y -dx +dx -dy +dy
0.071599	367.221	0	0	0	0	
0.286396	368.429	0	0	0	0	
0.501193	359.97	0	0	0	0	
0.787589	408.308	0	0	0	0	
0.859189	415.559	0	0	0	0	
0.930788	413.142	0	0	0	0	
1.07399	390.181	0	0	0	0	
1.21718	380.514	0	0	0	0	
1.28878	387.764	0	0	0	0	
1.36038	399.849	0	0	0	0	
1.64678	390.181	0	0	0	0	
1.86158	422.81	0	0	0	0	
1.93317	434.894	0	0	0	0	
2.29117	414.35	0	0	0	0	
2.50597	457.855	0	0	0	0	
2.64916	472.356	0	0	0	0	
2.93556	453.021	0	0	0	0	
3.07876	433.686	0	0	0	0	
3.29356	433.686	0	0	0	0	
3.50835	411.934	0	0	0	0	
3.57995	421.601	0	0	0	0	
3.79475	425.227	0	0	0	0	
3.86635	444.562	0	0	0	0	
3.93795	443.353	0	0	0	0	
4.08115	432.477	0	0	0	0	
4.22434	453.021	0	0	0	0	
4.36754	457.855	0	0	0	0	
4.58234	460.272	0	0	0	0	
4.72554	454.23	0	0	0	0	
4.79714	462.689	0	0	0	0	
4.86874	472.356	0	0	0	0	
5.01193	479.607	0	0	0	0	
5.22673	471.148	0	0	0	0	
5.36993	463.897	0	0	0	0	
5.58473	457.855	0	0	0	0	
5.65632	479.607	0	0	0	0	
5.72792	489.275	0	0	0	0	
5.87112	477.19	0	0	0	0	
5.94272	466.314	0	0	0	0	
6.01432	474.773	0	0	0	0	
6.08592	468.731	0	0	0	0	
6.15752	465.106	0	0	0	0	
6.22912	469.94	0	0	0	0	
6.37232	466.314	0	0	0	0	
6.58711	473.565	0	0	0	0	
6.73031	477.19	0	0	0	0	
6.80191	482.024	0	0	0	0	
6.94511	500.151	0	0	0	0	
7.01671	488.066	0	0	0	0	
7.1599	478.399	0	0	0	0	
7.2315	489.275	0	0	0	0	
7.3031	502.568	0	0	0	0	
7.5895	498.943	0	0	0	0	
7.7327	485.65	0	0	0	0	
7.87589	484.441	0	0	0	0	
7.94749	497.734	0	0	0	0	
8.09069	492.9	0	0	0	0	
8.16229	485.65	0	0	0	0	
8.30549	494.109	0	0	0	0	
8.44869	497.734	0	0	0	0	
8.66348	491.692	0	0	0	0	
8.80668	507.402	0	0	0	0	
9.02148	497.734	0	0	0	0	
9.09308	508.61	0	0	0	0	
9.16468	514.653	0	0	0	0	
9.37947	518.278	0	0	0	0	
9.52267	525.529	0	0	0	0	
9.66587	520.695	0	0	0	0	
9.80907	526.737	0	0	0	0	
9.88067	518.278	0	0	0	0	
10.0239	523.112	0	0	0	0	
10.0239	529.154	0	0	0	0	
10.2387	531.571	0	0	0	0	
10.3103	533.988	0	0	0	0	
10.4535	523.112	0	0	0	0	
10.4535	520.695	0	0	0	0	
10.5967	530.363	0	0	0	0	
10.6683	532.779	0	0	0	0	
10.8115	529.154	0	0	0	0	
10.9547	530.363	0	0	0	0	
10.9547	536.405	0	0	0	0	
11.0263	543.656	0	0	0	0	
11.2411	537.613	0	0	0	0	
11.3126	532.779	0	0	0	0	
11.4558	536.405	0	0	0	0	
11.4558	541.239	0	0	0	0	
11.599	536.405	0	0	0	0	
11.8854	536.405	0	0	0	0	
12.0286	531.571	0	0	0	0	
12.315	536.405	0	0	0	0	
12.4582	540.03	0	0	0	0	
12.5298	544.864	0	0	0	0	
12.6014	546.073	0	0	0	0	
12.8162	541.239	0	0	0	0	
12.9594	529.154	0	0	0	0	
13.031	540.03	0	0	0	0	
13.1026	549.698	0	0	0	0	
13.1742	552.115	0	0	0	0	
13.3174	544.864	0	0	0	0	
13.389	549.698	0	0	0	0	
13.389	556.949	0	0	0	0	
13.5322	562.991	0	0	0	0	
13.6754	565.408	0	0	0	0	
13.747	552.115	0	0	0	0	
14.0334	548.489	0	0	0	0	
14.105	552.115	0	0	0	0	
14.3198	554.532	0	0	0	0	
14.463	564.199	0	0	0	0	
14.6778	543.656	0	0	0	0	
14.821	553.323	0	0	0	0	
15.0358	553.323	0	0	0	0	
15.2506	558.157	0	0	0	0	
15.3938	553.323	0	0	0	0	
15.4654	570.242	0	0	0	0	
15.6086	570.242	0	0	0	0	
15.7518	556.949	0	0	0	0	
15.9666	569.033	0	0	0	0	
16.1098	559.366	0	0	0	0	
16.4678	558.157	0	0	0	0	
16.611	566.616	0	0	0	0	
16.8974	558.157	0	0	0	0	
16.969	566.616	0	0	0	0	
17.1838	567.825	0	0	0	0	
17.327	570.242	0	0	0	0	
17.3986	577.492	0	0	0	0	
17.685	564.199	0	0	0	0	
17.8282	567.825	0	0	0	0	
17.9714	570.242	0	0	0	0	
18.043	571.45	0	0	0	0	
18.1862	573.867	0	0	0	0	
18.3294	581.118	0	0	0	0	
18.9737	581.118	0	0	0	0	
19.0453	576.284	0	0	0	0	
19.1885	579.909	0	0	0	0	
19.2601	583.535	0	0	0	0	
19.4033	587.16	0	0	0	0	
19.5465	588.369	0	0	0	0	
19.9045	582.326	0	0	0	0	
20.2625	584.743	0	0	0	0	
20.4057	576.284	0	0	0	0	
20.6921	585.952	0	0	0	0	
20.8353	581.118	0	0	0	0	
20.9785	589.577	0	0	0	0	
21.1217	584.743	0	0	0	0	
21.1933	590.785	0	0	0	0	
21.5513	584.743	0	0	0	0	
21.6229	604.079	0	0	0	0	
21.6945	589.577	0	0	0	0	
21.9093	594.411	0	0	0	0	
22.0525	590.785	0	0	0	0	
22.3389	591.994	0	0	0	0	
22.4821	604.079	0	0	0	0	
22.6253	595.619	0	0	0	0	
22.7685	594.411	0	0	0	0	
22.9117	601.662	0	0	0	0	
23.1265	595.619	0	0	0	0	
23.3413	604.079	0	0	0	0	
23.5561	590.785	0	0	0	0	
23.6993	595.619	0	0	0	0	
23.8425	601.662	0	0	0	0	
23.9857	595.619	0	0	0	0	
24.2721	595.619	0	0	0	0	
24.2721	600.453	0	0	0	0	
24.4153	601.662	0	0	0	0	
24.5585	610.121	0	0	0	0	
24.7733	601.662	0	0	0	0	
24.9881	608.912	0	0	0	0	
25.2029	599.245	0	0	0	0	
25.3461	607.704	0	0	0	0	
25.5609	611.329	0	0	0	0	
25.7041	604.079	0	0	0	0	
25.7757	611.329	0	0	0	0	
26.1337	610.121	0	0	0	0	
26.2053	613.746	0	0	0	0	
26.3484	608.912	0	0	0	0	
26.4916	613.746	0	0	0	0	
26.7064	606.495	0	0	0	0	
26.8496	616.163	0	0	0	0	
27.2076	610.121	0	0	0	0	
27.5656	616.163	0	0	0	0	
27.6372	611.329	0	0	0	0	
27.852	616.163	0	0	0	0	
27.9952	613.746	0	0	0	0	
28.0668	618.58	0	0	0	0	
28.21	617.372	0	0	0	0	
28.3532	610.121	0	0	0	0	
28.4964	618.58	0	0	0	0	
28.568	619.789	0	0	0	0	
28.7112	627.039	0	0	0	0	
28.7828	628.248	0	0	0	0	
28.9976	614.955	0	0	0	0	
29.1408	622.205	0	0	0	0	
29.4272	629.456	0	0	0	0	
29.7136	620.997	0	0	0	0	
# EoF# xyscan Version 4.3.0
# Date: Mon May 14 15:37:15 2018
# Scanned by: cozzyd
# Source: Clipboard
# Comment: 
# Format: x y -dx +dx -dy +dy
0.440201	387.508	0	0	0	0	
1.48342	367.986	0	0	0	0	
2.39397	430.769	0	0	0	0	
3.40101	416.791	0	0	0	0	
4.40201	430.528	0	0	0	0	
5.34874	474.151	0	0	0	0	
6.32563	460.173	0	0	0	0	
7.32663	486.564	0	0	0	0	
8.37588	466.68	0	0	0	0	
9.34673	492.227	0	0	0	0	
10.3658	514.4	0	0	0	0	
11.3608	565.616	0	0	0	0	
12.404	545.491	0	0	0	0	
13.3688	535.248	0	0	0	0	
14.3698	521.269	0	0	0	0	
15.4191	555.132	0	0	0	0	
16.4442	532.838	0	0	0	0	
17.4874	562	0	0	0	0	
18.4824	599.598	0	0	0	0	
19.5136	563.085	0	0	0	0	
20.5206	579.112	0	0	0	0	
21.1477	572.484	0	0	0	0	
21.7749	571.52	0	0	0	0	
22.402	602.008	0	0	0	0	
23.4392	625.387	0	0	0	0	
24.3859	612.733	0	0	0	0	
25.4111	610.564	0	0	0	0	
26.4663	607.793	0	0	0	0	
27.4673	612.854	0	0	0	0	
28.4201	613.698	0	0	0	0	
29.4935	612.372	0	0	0	0	
# EoF# xyscan Version 4.3.0
# Date: Mon May 14 15:42:04 2018
# Scanned by: cozzyd
# Source: Clipboard
# Comment: 
# Format: x y -dx +dx -dy +dy
0.253266	253.143	0	0	0	0	
0.295477	267.363	0	0	0	0	
0.633166	270.255	0	0	0	0	
0.633166	277.003	0	0	0	0	
0.729648	286.644	0	0	0	0	
0.826131	292.428	0	0	0	0	
0.874372	312.673	0	0	0	0	
0.970854	333.882	0	0	0	0	
1.06734	351.235	0	0	0	0	
1.21206	333.882	0	0	0	0	
1.21206	305.925	0	0	0	0	
1.35678	306.889	0	0	0	0	
1.59799	341.595	0	0	0	0	
1.8392	316.529	0	0	0	0	
2.17688	343.523	0	0	0	0	
2.36985	332.918	0	0	0	0	
2.56281	343.523	0	0	0	0	
2.75578	399.438	0	0	0	0	
2.85226	400.402	0	0	0	0	
2.94874	405.222	0	0	0	0	
2.94874	397.51	0	0	0	0	
3.09347	401.366	0	0	0	0	
3.33467	376.3	0	0	0	0	
3.4794	386.905	0	0	0	0	
3.62412	354.127	0	0	0	0	
3.7206	363.768	0	0	0	0	
3.91357	358.948	0	0	0	0	
4.01005	377.265	0	0	0	0	
4.15477	375.336	0	0	0	0	
4.15477	391.725	0	0	0	0	
4.39598	390.761	0	0	0	0	
4.34774	399.438	0	0	0	0	
4.5407	395.581	0	0	0	0	
4.58894	409.078	0	0	0	0	
4.68543	406.186	0	0	0	0	
4.73367	416.791	0	0	0	0	
4.97487	406.186	0	0	0	0	
5.21608	438	0	0	0	0	
5.50553	402.33	0	0	0	0	
5.65025	404.258	0	0	0	0	
5.84322	441.856	0	0	0	0	
6.03618	429.323	0	0	0	0	
6.27739	430.287	0	0	0	0	
6.42211	421.611	0	0	0	0	
6.71156	425.467	0	0	0	0	
6.71156	431.251	0	0	0	0	
6.85628	435.107	0	0	0	0	
7.00101	471.741	0	0	0	0	
7.09749	459.209	0	0	0	0	
7.29045	455.352	0	0	0	0	
7.38693	465.957	0	0	0	0	
7.5799	474.633	0	0	0	0	
7.77286	452.46	0	0	0	0	
8.06231	455.352	0	0	0	0	
8.11055	476.562	0	0	0	0	
8.20704	458.245	0	0	0	0	
8.35176	464.993	0	0	0	0	
8.49648	480.418	0	0	0	0	
8.78593	470.777	0	0	0	0	
8.97889	482.346	0	0	0	0	
8.97889	483.31	0	0	0	0	
9.02714	488.13	0	0	0	0	
9.26834	494.878	0	0	0	0	
9.46131	491.986	0	0	0	0	
9.55779	498.735	0	0	0	0	
9.65427	505.483	0	0	0	0	
9.94372	503.555	0	0	0	0	
10.4261	519.944	0	0	0	0	
10.9568	516.088	0	0	0	0	
11.3427	515.124	0	0	0	0	
11.6322	529.584	0	0	0	0	
11.8734	522.836	0	0	0	0	
12.0181	526.692	0	0	0	0	
12.1628	522.836	0	0	0	0	
12.3075	535.369	0	0	0	0	
12.5487	528.62	0	0	0	0	
12.8382	540.189	0	0	0	0	
13.0312	526.692	0	0	0	0	
13.1276	545.009	0	0	0	0	
13.3688	536.333	0	0	0	0	
13.6583	560.434	0	0	0	0	
13.8513	553.685	0	0	0	0	
14.1407	550.793	0	0	0	0	
14.2854	544.045	0	0	0	0	
14.5266	555.614	0	0	0	0	
14.7437	536.333	0	0	0	0	
14.8523	552.601	0	0	0	0	
14.9789	541.394	0	0	0	0	
15.2925	542.358	0	0	0	0	
15.5337	571.52	0	0	0	0	
15.6724	572.605	0	0	0	0	
15.9136	555.734	0	0	0	0	
16.2633	562.723	0	0	0	0	
16.3055	546.576	0	0	0	0	
16.5467	557.06	0	0	0	0	
16.6673	549.347	0	0	0	0	
16.7819	564.049	0	0	0	0	
17.0593	582.968	0	0	0	0	
17.2704	568.387	0	0	0	0	
17.5779	578.028	0	0	0	0	
17.6683	555.855	0	0	0	0	
18.1085	565.857	0	0	0	0	
18.3558	585.62	0	0	0	0	
18.6332	577.907	0	0	0	0	
19.001	587.548	0	0	0	0	
19.4412	580.92	0	0	0	0	
19.8573	590.44	0	0	0	0	
20.4422	585.62	0	0	0	0	
21.0332	593.453	0	0	0	0	
21.5457	591.042	0	0	0	0	
21.8774	606.226	0	0	0	0	
22.1608	618.156	0	0	0	0	
22.3719	574.051	0	0	0	0	
22.5829	608.034	0	0	0	0	
22.8543	586.463	0	0	0	0	
23.204	604.298	0	0	0	0	
23.6322	591.645	0	0	0	0	
24.3377	611.287	0	0	0	0	
24.5548	582.366	0	0	0	0	
24.8925	628.279	0	0	0	0	
25.0734	588.632	0	0	0	0	
25.2181	607.07	0	0	0	0	
25.3447	595.26	0	0	0	0	
25.4593	618.397	0	0	0	0	
25.7729	607.311	0	0	0	0	
26.3578	620.566	0	0	0	0	
26.8281	614.059	0	0	0	0	
27.0814	629.002	0	0	0	0	
27.6965	615.264	0	0	0	0	
28.0764	628.038	0	0	0	0	
28.6131	633.702	0	0	0	0	
28.9749	672.022	0	0	0	0	
29.397	642.498	0	0	0	0	
29.8915	689.255	0	0	0	0	
# EoF# xyscan Version 4.3.0
# Date: Mon May 14 15:33:49 2018
# Scanned by: cozzyd
# Source: Clipboard
# Comment: 
# Format: x y -dx +dx -dy +dy
0.132663	289.054	0	0	0	0	
0.235176	324.362	0	0	0	0	
0.349749	334.003	0	0	0	0	
0.440201	324.844	0	0	0	0	
0.518593	294.959	0	0	0	0	
0.633166	311.348	0	0	0	0	
0.741709	295.682	0	0	0	0	
0.922613	339.787	0	0	0	0	
1.04925	343.161	0	0	0	0	
1.10955	392.087	0	0	0	0	
1.29045	355.814	0	0	0	0	
1.41709	319.422	0	0	0	0	
1.63417	356.899	0	0	0	0	
1.74874	370.034	0	0	0	0	
1.86935	354.73	0	0	0	0	
1.92362	383.892	0	0	0	0	
# EoF